  0.02409005
  0.02423501
  0.02468300
  0.02195787
  0.02160311
  0.02676606
  0.02174306
  0.02396417
  0.02159214
  0.02293682
  0.01981306
  0.02271795
  0.02094388
  0.02125001
  0.01996279
  0.01985407
  0.02055597
  0.01939797
  0.01978898
  0.02560687
  0.01943398
  0.02059197
  0.02013397
  0.02020597
  0.02038002
  0.01988697
  0.01902699
  0.01946497
  0.01951194
  0.02064991
  0.01986003
  0.02239513
  0.02444005
  0.02018189
  0.02007198
  0.01998091
  0.01968694
  0.01938009
  0.02088404
  0.01999497
  0.02010298
  0.01997495
  0.02071810
  0.01942682
  0.01956320
  0.02014995
  0.02063513
  0.01994705
  0.01976395
  0.01931596
  0.01943779
  0.01988482
  0.02129102
  0.01951790
  0.01977110
  0.01970816
  0.01951694
  0.01956701
  0.02534103
  0.02046084
  0.02056384
  0.01967788
  0.01948786
  0.01995301
  0.01952720
  0.01994801
  0.02195501
  0.01943493
  0.02124810
  0.01980996
  0.02000308
  0.02058887
  0.01976395
  0.01940703
  0.01940107
  0.02002287
  0.01960397
  0.02044606
  0.01950884
  0.01979899
  0.01951694
  0.01955986
  0.01955819
  0.01940703
  0.01983786
  0.01956296
  0.01952004
  0.01970792
  0.01952100
  0.02068019
  0.01942706
  0.02010417
  0.02051997
  0.01943612
  0.01978898
  0.02038383
  0.02088594
  0.01987886
  0.02031589
  0.01982689
  0.01967692
  0.02013612
  0.02037692
  0.02024317
  0.01966095
  0.01971984
  0.01954508
  0.02063298
  0.01895189
  0.02029705
  0.01985121
  0.02139306
  0.01952815
  0.02018714
  0.02067804
  0.02061200
  0.02015400
  0.01948404
  0.01943183
  0.02004385
  0.02037001
  0.02019501
  0.01957011
  0.02015686
  0.01961303
  0.01939607
  0.02219391
  0.01921105
  0.01957202
  0.02016401
  0.02051091
  0.01943207
  0.01944304
  0.02064109
  0.02075505
  0.01975513
  0.01987600
  0.02034307
  0.01992702
  0.01940799
  0.01974106
  0.01936603
  0.02093291
  0.02048111
  0.01963806
  0.01949096
  0.01969004
  0.02267003
  0.01915789
  0.01894093
  0.01919985
  0.01917005
  0.01990485
  0.02434897
  0.02567887
  0.01908398
  0.01968098
  0.01963091
  0.01939917
  0.01978207
  0.02249002
  0.01987696
  0.01955485
  0.01941299
  0.01938009
  0.02152896
  0.01876402
  0.01897120
  0.01820588
  0.01993513
  0.01964021
  0.01995707
  0.01993394
  0.01907897
  0.02151799
  0.02033806
  0.01967216
  0.01813889
  0.02080584
  0.01976585
  0.01974607
  0.02001214
  0.02226591
  0.02275610
  0.02005696
  0.02169609
  0.02109599
  0.02086091
  0.02037978
  0.02111006
  0.01945281
  0.01987910
  0.01972222
  0.02038383
  0.02136803
  0.02037597
  0.01953483
  0.01978707
  0.01948094
  0.01956081
  0.02026701
  0.01980805
  0.01974201
  0.01949692
  0.01952887
  0.01925206
  0.01974607
  0.01930690
  0.02028608
  0.01990604
  0.01950383
  0.02019286
  0.02037096
  0.01978111
  0.02020216
  0.01983500
  0.01989198
  0.02336788
  0.01981401
  0.02008486
  0.02042794
  0.01975799
  0.02041984
  0.02073598
  0.01909113
  0.01949310
  0.02027702
  0.01971006
  0.01945090
  0.01991296
  0.02213287
  0.01975393
  0.02135897
  0.01980805
  0.02076006
  0.01947093
  0.01958108
  0.01925087
  0.02008510
  0.02066207
  0.01959801
  0.01977015
  0.01971698
  0.02034903
  0.02047801
  0.01967692
  0.02080703
  0.02038312
  0.01943684
  0.02063584
  0.02030897
  0.02169204
  0.01967287
  0.01962614
  0.01963520
  0.01967001
  0.02031493
  0.02049804
  0.02111721
  0.01969695
  0.02022195
  0.01967311
  0.02178216
  0.01948214
  0.01960897
  0.02097201
  0.02122021
  0.01975203
  0.01989698
  0.01947498
  0.02243209
  0.02059698
  0.02017999
  0.02081704
  0.02026916
  0.01951122
  0.01973200
  0.01979804
  0.02026296
  0.01970506
  0.02004790
  0.01987696
  0.01955581
  0.01985288
  0.02154207
  0.01995802
  0.02038789
  0.01996708
  0.02028489
  0.02031016
  0.02036595
  0.01960802
  0.01800013
  0.02079606
  0.01780105
  0.01750207
  0.02049017
  0.02005792
  0.02009392
  0.02116108
  0.01980114
  0.01988196
  0.02043200
  0.01964498
  0.01972198
  0.01940393
  0.01932287
  0.02154708
  0.02016878
  0.02104712
  0.02011704
  0.01942587
  0.01943302
  0.01930499
  0.02138686
  0.02030706
  0.02052402
  0.02087784
  0.01989102
  0.01954198
  0.01938605
  0.01960993
  0.02015686
  0.01983690
  0.02002692
  0.01955509
  0.01974797
  0.02109909
  0.01934695
  0.02065897
  0.02052402
  0.01956892
  0.01960206
  0.01987290
  0.02076006
  0.01938796
  0.01986599
  0.02001500
  0.02104902
  0.01978302
  0.02009702
  0.01914597
  0.01983500
  0.02009106
  0.01992607
  0.01995897
  0.02013707
  0.02112889
  0.02103591
  0.01928210
  0.01969695
  0.02031517
  0.01971602
  0.02085900
  0.01917887
  0.02023888
  0.02003503
  0.01959896
  0.01945591
  0.02081108
  0.02062607
  0.01957822
  0.01949787
  0.02182198
  0.01978397
  0.02019310
  0.01946998
  0.01920605
  0.02223396
  0.02052307
  0.02023101
  0.01994896
  0.01943088
  0.01961303
  0.01932311
  0.02041197
  0.02039289
  0.02077794
  0.02033305
  0.02028108
  0.01951504
  0.02013206
  0.02037120
  0.02066779
  0.01981807
  0.01970720
  0.01961398
  0.01971388
  0.02180910
  0.02141309
  0.01906896
  0.01974082
  0.02010798
  0.02161002
  0.01996779
  0.01959085
  0.02213001
  0.02139091
  0.01937914
  0.01975298
  0.01931000
  0.02001810
  0.01994610
  0.02002001
  0.01980114
  0.01998997
  0.02020502
  0.01977110
  0.02097678
  0.02010798
  0.02085996
  0.02016902
  0.02117991
  0.02262712
  0.02073908
  0.01968288
  0.01998115
  0.01960516
  0.01969504
  0.01944089
  0.02031493
  0.01988292
  0.01971483
  0.01952696
  0.01939607
  0.01989508
  0.02088499
  0.02058291
  0.02016902
  0.02040005
  0.02011514
  0.01975322
  0.02051711
  0.02006793
  0.01996398
  0.01936793
  0.02001905
  0.01983404
  0.01979113
  0.01949883
  0.02016306
  0.01997089
  0.02013588
  0.02202415
  0.01991606
  0.01989698
  0.02106214
  0.02129507
  0.01974010
  0.01956105
  0.02078414
  0.02052593
  0.02015090
  0.02052116
  0.02033210
  0.01937699
  0.01939201
  0.02020812
  0.02024698
  0.02175713
  0.02012086
  0.01980495
  0.01953697
  0.02026916
  0.01905608
  0.02046490
  0.01988888
  0.01962709
  0.01953912
  0.01933289
  0.02042198
  0.02014089
  0.02182293
  0.02064800
  0.02213192
  0.01955485
  0.02028108
  0.01936603
  0.01958990
  0.01959801
  0.01977110
  0.01933289
  0.01871896
  0.01991296
  0.02000690
  0.01944900
  0.01971507
  0.01959491
  0.02029800
  0.02039909
  0.02006507
  0.02069187
  0.02002883
  0.01975989
  0.01945496
  0.01954508
  0.02219510
  0.02025795
  0.01973391
  0.02020097
  0.01970506
  0.01889110
  0.01877999
  0.01998997
  0.01932597
  0.01961899
  0.02074790
  0.01990795
  0.02001095
  0.01995111
  0.01973486
  0.01955986
  0.01877689
  0.01959395
  0.01983213
  0.01923203
  0.02072191
  0.02071404
  0.01989293
  0.01998901
  0.02008295
  0.02075386
  0.01958299
  0.02013898
  0.02032900
  0.01957321
  0.01958895
  0.01940799
  0.01932406
  0.01929808
  0.02101302
  0.01967597
  0.01969600
  0.01948595
  0.01980305
  0.02055001
  0.01974416
  0.01957798
  0.02011395
  0.01978803
  0.02036190
  0.01971579
  0.01946998
  0.01962590
  0.01934600
  0.01959801
  0.01902008
  0.01959586
  0.02010012
  0.01983500
  0.02000308
  0.02044988
  0.02046800
  0.02029181
  0.02018619
  0.02014399
  0.02051902
  0.01972580
  0.01943398
  0.02072883
  0.01971316
  0.01950407
  0.01960206
  0.01946092
  0.02455091
  0.02045703
  0.02010703
  0.02001190
  0.01949787
  0.01942110
  0.01930404
  0.02175903
  0.01986003
  0.01983905
  0.02008796
  0.02001595
  0.01991391
  0.01984882
  0.01931214
  0.02213192
  0.01984906
  0.02003193
  0.01954794
  0.01963305
  0.02078199
  0.01991296
  0.02007198
  0.02926302
  0.02783394
  0.02053404
  0.01986885
  0.01992321
  0.01978111
  0.01999187
  0.02004504
  0.01963210
  0.01929092
  0.01961899
  0.01936007
  0.01890111
  0.01949191
  0.02034521
  0.02010417
  0.01989603
  0.01952887
  0.01997185
  0.01936197
  0.02021813
  0.02076697
  0.02006507
  0.02058578
  0.01972699
  0.01969194
  0.01952004
  0.01958609
  0.01990604
  0.02019405
  0.02001119
  0.01964998
  0.01938081
  0.02032900
  0.01919889
  0.02070093
  0.01939797
  0.01959896
  0.01959395
  0.01942492
  0.02029800
  0.02013397
  0.01975298
  0.01978207
  0.01940608
  0.01965189
  0.01963782
  0.01987314
  0.01971912
  0.01955318
  0.01936579
  0.01954985
  0.01900816
  0.02036500
  0.02154613
  0.02013516
  0.02040601
  0.01954198
  0.01969504
  0.02027392
  0.01976800
  0.02008796
  0.02014899
  0.02018690
  0.01973987
  0.01969910
  0.01951504
  0.02017283
  0.01979423
  0.02069998
  0.02327299
  0.01849198
  0.01857996
  0.02014303
  0.01973009
  0.01953793
  0.01929688
  0.01886606
  0.02087998
  0.02025795
  0.02070594
  0.02018118
  0.01991200
  0.01996493
  0.01957607
  0.02063894
  0.02005601
  0.02017307
  0.01983809
  0.01976395
  0.01961994
  0.02044415
  0.01966715
  0.02008891
  0.01980901
  0.01975203
  0.01947212
  0.01937723
  0.02028799
  0.01974392
  0.02112603
  0.02089500
  0.01980710
  0.01958609
  0.01975393
  0.01938200
  0.01934004
  0.02164006
  0.02077293
  0.01979613
  0.01975203
  0.02771401
  0.02046585
  0.02071500
  0.02072787
  0.01968002
  0.02035785
  0.01938200
  0.02005100
  0.02073002
  0.02102304
  0.02102804
  0.02034998
  0.01960421
  0.01942015
  0.01960897
  0.01946998
  0.01993108
  0.01942611
  0.02068901
  0.01879001
  0.01942801
  0.02052307
  0.01984191
  0.01949811
  0.01969004
  0.01943111
  0.02131295
  0.02013898
  0.02050090
  0.02131104
  0.01979303
  0.01933002
  0.01977301
  0.01965213
  0.02011991
  0.01986217
  0.02089000
  0.01973486
  0.02026200
  0.01995707
  0.01953006
  0.01967096
  0.01930308
  0.02009392
  0.02093506
  0.02035809
  0.02037287
  0.01978207
  0.02038598
  0.01983690
  0.02033687
  0.01982379
  0.01914382
  0.01956320
  0.01979184
  0.02401090
  0.02396011
  0.01971889
  0.02037692
  0.01967001
  0.01996684
  0.02155209
  0.02010298
  0.01975298
  0.01994491
  0.02094913
  0.02147293
  0.01978397
  0.01929498
  0.01940894
  0.01979184
  0.02111506
  0.02005792
  0.01977301
  0.02133083
  0.02005506
  0.01959109
  0.01982188
  0.01963997
  0.01928902
  0.02095008
  0.01974106
  0.02109003
  0.01992917
  0.01981211
  0.01960278
  0.01969409
  0.02283311
  0.01929998
  0.01976705
  0.02060103
  0.01946497
  0.01942515
  0.01949286
  0.02092290
  0.02121496
  0.02079201
  0.02043295
  0.01987195
  0.01948404
  0.01961803
  0.02107811
  0.02033806
  0.02020192
  0.01964402
  0.01952004
  0.01910090
  0.01911807
  0.02197504
  0.01990914
  0.01996899
  0.01959014
  0.02129483
  0.02019000
  0.02215219
  0.01991701
  0.01963711
  0.01958108
  0.01960707
  0.02087092
  0.01994109
  0.01962185
  0.02003884
  0.01969099
  0.02098894
  0.02144098
  0.01903796
  0.01919317
  0.01940584
  0.02033591
  0.01953316
  0.01952600
  0.01963186
  0.02052402
  0.02034402
  0.02018690
  0.02009797
  0.01982999
  0.01967287
  0.01965809
  0.01950097
  0.02096605
  0.01998591
  0.02029181
  0.01990700
  0.01957583
  0.02048111
  0.02004886
  0.02014303
  0.02048898
  0.02006602
  0.02005601
  0.02016401
  0.02086520
  0.02008200
  0.02047801
  0.01945591
  0.01963186
  0.02017689
  0.02010512
  0.01950502
  0.01925087
  0.01957798
  0.01930785
  0.01992702
  0.01979089
  0.01940393
  0.01986408
  0.01940894
  0.01954579
  0.01930690
  0.01979709
  0.02045107
  0.02109885
  0.01983714
  0.01994109
  0.02061701
  0.02012587
  0.01968312
  0.02033114
  0.01955199
  0.02044296
  0.02025008
  0.01968718
  0.01982594
  0.01969218
  0.01914191
  0.02004194
  0.01978493
  0.02039695
  0.01969600
  0.01975107
  0.01983190
  0.01958179
  0.02118111
  0.02063107
  0.02028179
  0.02024078
  0.01959896
  0.01983309
  0.01973605
  0.02026892
  0.02061796
  0.01971793
  0.02019095
  0.01981306
  0.01979208
  0.02095413
  0.02103901
  0.01976490
  0.01986313
  0.01966715
  0.01966906
  0.02004695
  0.02043414
  0.02000594
  0.02063203
  0.02030802
  0.02006602
  0.01969099
  0.01954484
  0.01980996
  0.02018499
  0.01983809
  0.01968098
  0.02008486
  0.02003908
  0.02166581
  0.01979923
  0.02067709
  0.01979709
  0.01988006
  0.01959205
  0.01961994
  0.02054691
  0.02021623
  0.02050614
  0.01969910
  0.01979113
  0.01986599
  0.02004814
  0.02003503
  0.01980186
  0.02002287
  0.02135706
  0.01981997
  0.02258897
  0.02046490
  0.01998901
  0.01965213
  0.02121592
  0.02066803
  0.02056503
  0.02027988
  0.02003407
  0.01997089
  0.01979208
  0.01950908
  0.02122998
  0.02021289
  0.01953411
  0.01969385
  0.01964092
  0.02401996
  0.01912189
  0.02086997
  0.01975393
  0.01993299
  0.01962495
  0.01979804
  0.01965880
  0.02105284
  0.02021813
  0.02009916
  0.02087808
  0.01988196
  0.02086401
  0.01982713
  0.01987100
  0.02011204
  0.01970100
  0.01998281
  0.01950002
  0.02010798
  0.02053809
  0.02157092
  0.02047110
  0.01997209
  0.01986098
  0.01970696
  0.01954699
  0.02106285
  0.02069902
  0.01954699
  0.02029800
  0.01954103
  0.02010298
  0.01996899
  0.01969290
  0.01957989
  0.01916885
  0.01962590
  0.02055311
  0.01937580
  0.02015591
  0.02166009
  0.01993203
  0.02528000
  0.02080679
  0.01943493
  0.01995683
  0.02089286
  0.01999497
  0.02128506
  0.02012706
  0.02086401
  0.01958895
  0.02085900
  0.02031088
  0.01940107
  0.02010584
  0.01969004
  0.01939702
  0.02038693
  0.02003503
  0.02054095
  0.02023005
  0.01949096
  0.01985312
  0.01982212
  0.02017713
  0.02077484
  0.02071595
  0.02078795
  0.02029109
  0.02036285
  0.01988888
  0.01961088
  0.02004218
  0.01968622
  0.01949310
  0.02005601
  0.01962900
  0.02132797
  0.02084899
  0.01987720
  0.02013111
  0.01984596
  0.01971412
  0.01989985
  0.02066493
  0.02002907
  0.02044511
  0.02019405
  0.02038789
  0.02021909
  0.02250409
  0.02031112
  0.01968408
  0.02028918
  0.01950788
  0.01995206
  0.02246284
  0.02008605
  0.01992297
  0.02093387
  0.01997805
  0.02058697
  0.02057290
  0.02023101
  0.02060509
  0.02128196
  0.02188396
  0.01970005
  0.01975489
  0.02112103
  0.02005506
  0.01961684
  0.01976514
  0.02424407
  0.01918888
  0.02125096
  0.02020502
  0.02013803
  0.01948595
  0.02023602
  0.02076292
  0.02025795
  0.02046800
  0.02020311
  0.02020192
  0.02122593
  0.02089190
  0.01958799
  0.02013683
  0.01987100
  0.02035713
  0.02051711
  0.02804899
  0.02046704
  0.02054310
  0.01957917
  0.01963615
  0.01988697
  0.01994205
  0.02056599
  0.02038503
  0.02028894
  0.01974416
  0.02049303
  0.02475882
  0.02107096
  0.01985192
  0.01967192
  0.01982117
  0.02023101
  0.01986408
  0.01979589
  0.01988721
  0.01986599
  0.01991487
  0.01990986
  0.01967311
  0.02053094
  0.02004099
  0.02094102
  0.02055502
  0.01975894
  0.02012205
  0.02086186
  0.01992202
  0.01989102
  0.01961017
  0.01978707
  0.02416015
  0.01978087
  0.02011108
  0.01999688
  0.01976895
  0.02032304
  0.01985312
  0.01930904
  0.02055693
  0.01992798
  0.01983285
  0.02320194
  0.02143097
  0.01964688
  0.02001095
  0.01992893
  0.01972389
  0.02168798
  0.02021003
  0.01990509
  0.01997590
  0.01964092
  0.02021003
  0.01990700
  0.01977897
  0.01960993
  0.02285695
  0.02111316
  0.02116990
  0.01941490
  0.01987100
  0.02041698
  0.02068186
  0.02073598
  0.01990390
  0.01985407
  0.02041197
  0.02108502
  0.02004504
  0.03420997
  0.02056503
  0.02084208
  0.01970100
  0.01964402
  0.02007103
  0.01887798
  0.02084899
  0.01995707
  0.01984906
  0.01983500
  0.01993489
  0.02168083
  0.01973081
  0.02090597
  0.02028918
  0.01990914
  0.01986408
  0.02102399
  0.02000690
  0.02002597
  0.02061081
  0.02035499
  0.02022195
  0.02072310
  0.01965809
  0.01974487
  0.02275801
  0.02078295
  0.01990390
  0.01963019
  0.02003002
  0.01960611
  0.02099800
  0.01905203
  0.02073312
  0.02003217
  0.02104688
  0.02029204
  0.01978207
  0.02065492
  0.02149296
  0.02093911
  0.02014995
  0.01955914
  0.02014995
  0.02008820
  0.01962709
  0.01966405
  0.01919794
  0.02010512
  0.01921892
  0.02087188
  0.02035189
  0.01983595
  0.01989388
  0.01974678
  0.02096295
  0.02039886
  0.02117109
  0.02026200
  0.02005696
  0.01974511
  0.01980519
  0.01991296
  0.01957607
  0.01999593
  0.02022505
  0.01992798
  0.01973796
  0.02000499
  0.02000093
  0.01927495
  0.01972818
  0.01977897
  0.02042484
  0.01998782
  0.01954603
  0.01988006
  0.02079606
  0.02077317
  0.02009392
  0.02403307
  0.02007103
  0.01968384
  0.01957703
  0.02057505
  0.02174497
  0.01989484
  0.02116513
  0.02075005
  0.01909995
  0.01954985
  0.02375889
  0.02153087
  0.01979280
  0.01974201
  0.02024913
  0.02019811
  0.01982188
  0.01965714
  0.01979303
  0.01940417
  0.02033496
  0.02064300
  0.01950216
  0.02109599
  0.02060294
  0.02773213
  0.02024198
  0.02056003
  0.02012491
  0.01959395
  0.01967311
  0.01963115
  0.02012086
  0.02058411
  0.01993012
  0.01980305
  0.01993203
  0.01963592
  0.02120209
  0.02014899
  0.01945591
  0.02032995
  0.01975894
  0.02141309
  0.01978397
  0.02049303
  0.02707791
  0.02015996
  0.02008510
  0.01991200
  0.01945305
  0.02096415
  0.02016497
  0.01960802
  0.02760887
  0.01912713
  0.02860689
  0.02051592
  0.01986814
  0.02342296
  0.02042985
  0.02001405
  0.02000809
  0.01951003
  0.02026987
  0.01941895
  0.02570701
  0.02028489
  0.01989603
  0.02061415
  0.01993680
  0.01960087
  0.02008295
  0.01900506
  0.02141500
  0.02245378
  0.02044106
  0.01969385
  0.01946998
  0.02070594
  0.01863289
  0.01971698
  0.01987815
  0.01969814
  0.02008605
  0.01958203
  0.01971984
  0.01989913
  0.01995301
  0.01955414
  0.01925206
  0.02100301
  0.01926899
  0.01925802
  0.02002883
  0.02004385
  0.01989913
  0.01991391
  0.01947308
  0.02021599
  0.01886296
  0.01870489
  0.01788616
  0.01955199
  0.01843882
  0.01990008
  0.01949501
  0.01923418
  0.01870584
  0.02083898
  0.02002001
  0.02046084
  0.01991010
  0.01934600
  0.01981902
  0.01822209
  0.01828790
  0.01931405
  0.02086401
  0.01998281
  0.01984191
  0.01969004
  0.01925898
  0.02082896
  0.02145696
  0.02006292
  0.02056980
  0.02010703
  0.01988292
  0.01942301
  0.01961088
  0.01942205
  0.01989508
  0.02009892
  0.01947689
  0.02729106
  0.01964998
  0.02038813
  0.02066088
  0.02015615
  0.02003694
  0.02013302
  0.02087998
  0.02076602
  0.02115393
  0.02132511
  0.01989293
  0.02401400
  0.02109289
  0.01979804
  0.01999807
  0.02029705
  0.02058697
  0.02050304
  0.02059603
  0.01986289
  0.02170706
  0.02053189
  0.02021194
  0.01978207
  0.02136898
  0.02058196
  0.02031398
  0.02002406
  0.02086902
  0.01965904
  0.01994801
  0.01972508
  0.01998496
  0.01989007
  0.01977301
  0.01978707
  0.01949906
  0.01939702
  0.01955986
  0.02045107
  0.01986599
  0.02514482
  0.02052712
  0.01976514
  0.02134895
  0.02009201
  0.01949811
  0.01974988
  0.02108097
  0.01992011
  0.01991487
  0.01970387
  0.01986909
  0.02002501
  0.02043200
  0.02151799
  0.01961017
  0.02002406
  0.02016091
  0.01958203
  0.01960301
  0.01966190
  0.01935506
  0.01971984
  0.02037096
  0.02213287
  0.02064800
  0.01904607
  0.01959991
  0.01975489
  0.02017498
  0.01946402
  0.01991892
  0.02000618
  0.01996303
  0.02059507
  0.01988888
  0.02100611
  0.02105999
  0.02003312
  0.02028799
  0.02184010
  0.01995587
  0.02038383
  0.02000403
  0.02025914
  0.01951814
  0.02068996
  0.02043915
  0.01981091
  0.01963401
  0.01974416
  0.01948810
  0.02056289
  0.01925683
  0.01895499
  0.02026200
  0.02008390
  0.01982212
  0.01953197
  0.01941085
  0.02037907
  0.01975703
  0.02006197
  0.01986790
  0.01994991
  0.02000403
  0.02004194
  0.01960707
  0.01978588
  0.01996398
  0.01978397
  0.01948690
  0.02191210
  0.01979899
  0.01929998
  0.02037787
  0.02013993
  0.02015495
  0.01987195
  0.02023506
  0.02048492
  0.02091789
  0.02468514
  0.02005911
  0.02000809
  0.01966000
  0.02038383
  0.02037811
  0.02005816
  0.01986003
  0.02189994
  0.01985192
  0.02103901
  0.01964188
  0.02030587
  0.02405810
  0.02004313
  0.02053404
  0.02335906
  0.01988983
  0.01993799
  0.02005506
  0.01994801
  0.01974511
  0.02367091
  0.01996613
  0.02002788
  0.01979494
  0.01970911
  0.01959395
  0.01949787
  0.01962590
  0.01958704
  0.02005291
  0.01990795
  0.02066588
  0.02064490
  0.02033305
  0.01998901
  0.01950502
  0.01999712
  0.02005315
  0.02100420
  0.01997995
  0.01976299
  0.01957393
  0.02097011
  0.01882100
  0.01984882
  0.02022290
  0.02047205
  0.01958990
  0.01979589
  0.01960492
  0.01952195
  0.02051306
  0.02227902
  0.02113819
  0.02059889
  0.02028513
  0.01974797
  0.01965904
  0.02014279
  0.01966596
  0.01983619
  0.02010298
  0.01950002
  0.02001190
  0.02014685
  0.01911688
  0.01977801
  0.02042699
  0.02016091
  0.01995087
  0.01938295
  0.01960492
  0.02033901
  0.01973104
  0.02168894
  0.01990080
  0.01974201
  0.01997304
  0.02029204
  0.02057505
  0.02016711
  0.01996613
  0.01999807
  0.01984286
  0.02077699
  0.01932907
  0.02092409
  0.01948404
  0.02020502
  0.02025509
  0.02015185
  0.01994300
  0.01904106
  0.02063584
  0.01989508
  0.01989102
  0.02392912
  0.02028704
  0.01973295
  0.02002597
  0.01972008
  0.01959395
  0.02110291
  0.01971602
  0.02007508
  0.02780986
  0.02399015
  0.02062702
  0.02072906
  0.02056098
  0.01971793
  0.01967883
  0.01981807
  0.02349401
  0.02007389
  0.02128506
  0.01998997
  0.02099609
  0.02183294
  0.01992583
  0.01951909
  0.02118111
  0.02368402
  0.02187800
  0.02381206
  0.02057910
  0.02048683
  0.01984406
  0.01956797
  0.01952100
  0.02114105
  0.02022099
  0.02035594
  0.01978612
  0.01964808
  0.02152395
  0.02016592
  0.01917696
  0.02945304
  0.01999497
  0.01970005
  0.02002311
  0.02421594
  0.02029204
  0.02101183
  0.02057981
  0.02013493
  0.02016091
  0.02388501
  0.02321196
  0.02032018
  0.02023602
  0.01989412
  0.02148509
  0.01975799
  0.01985812
  0.01993299
  0.02174807
  0.02214313
  0.01969504
  0.02021313
  0.01963997
  0.02126408
  0.02365208
  0.01992679
  0.02004886
  0.02065492
  0.01993299
  0.02109385
  0.01988792
  0.02001095
  0.02054906
  0.02001309
  0.01968813
  0.01981807
  0.02051902
  0.02151608
  0.02013993
  0.01999116
  0.02062488
  0.02011514
  0.01957083
  0.02002311
  0.02049494
  0.02062511
  0.02018309
  0.01955199
  0.01959801
  0.02117085
  0.02097797
  0.01958799
  0.01982188
  0.02051091
  0.01989293
  0.01971388
  0.01951599
  0.01961613
  0.02017999
  0.01996207
  0.02033997
  0.02036691
  0.02060390
  0.01996899
  0.02165198
  0.02143908
  0.02001905
  0.01968098
  0.02020597
  0.02069688
  0.01810217
  0.02136993
  0.02204204
  0.02088189
  0.02156305
  0.02127099
  0.01785707
  0.01787305
  0.03169298
  0.02443314
  0.02040410
  0.02002788
  0.02054596
  0.02055693
  0.02142096
  0.02040815
  0.02062106
  0.02025318
  0.02089596
  0.02026105
  0.02110481
  0.02045703
  0.01957297
  0.02007818
  0.01982689
  0.01967692
  0.02002311
  0.02119803
  0.02024794
  0.01990700
  0.01901412
  0.02020812
  0.02059197
  0.02045894
  0.01998496
  0.02165890
  0.02056289
  0.02002501
  0.02165699
  0.02098799
  0.02210903
  0.02128410
  0.02109313
  0.01964092
  0.01964593
  0.02145505
  0.01988792
  0.01986909
  0.01995206
  0.02094793
  0.01988101
  0.01965785
  0.01975393
  0.01984811
  0.02008486
  0.02095485
  0.02002501
  0.02286291
  0.02000690
  0.02000093
  0.01963806
  0.01960111
  0.02058101
  0.02060986
  0.02025700
  0.02120590
  0.02006388
  0.02019119
  0.02020192
  0.01962018
  0.02137589
  0.02168703
  0.01990891
  0.02063584
  0.01975799
  0.01985002
  0.02049708
  0.01996303
  0.01996493
  0.01962805
  0.02031898
  0.01989889
  0.02178788
  0.01865292
  0.01985812
  0.02016211
  0.02189088
  0.02444696
  0.02165294
  0.01931715
  0.01919293
  0.02213001
  0.01947999
  0.02029991
  0.02086711
  0.02089214
  0.02363396
  0.02453017
  0.01948404
  0.02606988
  0.02024484
  0.01998997
  0.02011609
  0.02051592
  0.02059507
  0.01768017
  0.02030492
  0.01799083
  0.02132201
  0.02280307
  0.01998305
  0.02132702
  0.02054214
  0.01984882
  0.01967406
  0.01962996
